8 0.617708 0.102778 0.045833 0.203704
1 0.733073 0.091204 0.051562 0.180556
8 0.157552 0.563426 0.014063 0.060185
1 0.186198 0.561111 0.011979 0.064815
6 0.602344 0.639352 0.413021 0.721296
5 0.201563 0.862037 0.235417 0.275926
5 0.906510 0.882870 0.186979 0.234259
6 0.336198 0.756019 0.048438 0.069444
7 0.840365 0.755093 0.028646 0.117593
7 0.813542 0.762037 0.033333 0.146296
5 0.311458 0.784259 0.042708 0.044444
5 0.368490 0.783333 0.034896 0.040741
8 0.823177 0.610185 0.014063 0.066667
5 0.024740 0.940741 0.046354 0.118519
