0 0.854948 0.182407 0.036979 0.168519
8 0.652083 0.568519 0.013542 0.055556
8 0.187760 0.581481 0.014063 0.062963
0 0.220833 0.583333 0.012500 0.055556
0 0.690104 0.566204 0.009375 0.060185
8 0.765104 0.193519 0.029167 0.168519
0 0.786198 0.623611 0.013021 0.060185
6 0.132031 0.710185 0.263021 0.187037
4 0.026042 0.864815 0.051042 0.212963
5 0.529687 0.896759 0.235417 0.206481
5 0.836719 0.871296 0.244271 0.257407
5 0.904427 0.905093 0.191146 0.189815
5 0.950521 0.743519 0.098958 0.100000
5 0.478906 0.761574 0.145313 0.095370
