9 0.519531 0.555556 0.013021 0.053704
0 0.552083 0.552315 0.014583 0.056481
0 0.508594 0.637963 0.005729 0.025926
3 0.482292 0.639352 0.007292 0.025000
9 0.270052 0.641204 0.007812 0.034259
0 0.286458 0.641667 0.008333 0.035185
5 0.654427 0.813426 0.080729 0.104630
5 0.617188 0.788426 0.059375 0.091667
6 0.510156 0.751852 0.084896 0.181481
5 0.298177 0.838889 0.145313 0.196296
5 0.209375 0.809722 0.088542 0.132407
5 0.367708 0.815278 0.063542 0.121296
5 0.396615 0.794907 0.064062 0.099074
7 0.711458 0.781019 0.021875 0.075000
4 0.736719 0.775000 0.015104 0.081481
4 0.754427 0.775000 0.016146 0.081481
4 0.783333 0.774074 0.017708 0.081481
4 0.767708 0.776852 0.016667 0.085185
5 0.260937 0.735185 0.041667 0.031481
6 0.163802 0.727778 0.127604 0.051852
