8 0.533333 0.590741 0.010417 0.042593
2 0.557813 0.588426 0.010417 0.037963
8 0.504167 0.644907 0.007292 0.030556
2 0.525000 0.644444 0.007292 0.029630
8 0.332292 0.646759 0.006250 0.028704
2 0.345313 0.645833 0.006250 0.032407
5 0.684896 0.776389 0.077083 0.110185
5 0.295833 0.803704 0.168750 0.137037
6 0.533333 0.731019 0.062500 0.130556
5 0.445312 0.770370 0.051042 0.068519
5 0.364063 0.765741 0.046875 0.074074
5 0.394531 0.765741 0.023438 0.053704
6 0.336198 0.716667 0.085938 0.033333
5 0.874219 0.867130 0.190104 0.213889
7 0.611198 0.731944 0.014063 0.045370
4 0.721094 0.738426 0.013021 0.058333
7 0.632552 0.752778 0.027604 0.050000
