9 0.704167 0.316204 0.029167 0.130556
0 0.773177 0.320370 0.027604 0.129630
0 0.254427 0.582870 0.017188 0.052778
9 0.222396 0.578704 0.011458 0.042593
0 0.673177 0.568981 0.013021 0.058333
9 0.635677 0.568056 0.014063 0.056481
8 0.756771 0.622222 0.010417 0.051852
7 0.288542 0.792130 0.070833 0.110185
7 0.841667 0.794907 0.052083 0.121296
7 0.959896 0.793981 0.033333 0.117593
7 0.514062 0.718056 0.036458 0.069444
7 0.461979 0.725926 0.025000 0.079630
7 0.185677 0.757407 0.033854 0.055556
5 0.410677 0.787963 0.078646 0.133333
5 0.353125 0.747685 0.066667 0.087963
5 0.285938 0.733333 0.086458 0.064815
5 0.682031 0.721296 0.117188 0.081481
5 0.508594 0.720833 0.091146 0.063889
5 0.957552 0.718981 0.084896 0.073148
