8 0.185938 0.579630 0.014583 0.055556
0 0.222656 0.580093 0.011979 0.049074
8 0.650260 0.566204 0.009896 0.060185
0 0.690625 0.566204 0.011458 0.054630
9 0.785417 0.626389 0.011458 0.056481
8 0.767448 0.191204 0.033854 0.173148
0 0.855208 0.187963 0.034375 0.162963
5 0.127604 0.868519 0.254167 0.262963
5 0.293490 0.816204 0.190104 0.186111
5 0.472396 0.755556 0.111458 0.098148
5 0.530729 0.894907 0.234375 0.210185
5 0.829688 0.731019 0.160417 0.106481
5 0.845573 0.868519 0.235937 0.262963
5 0.910156 0.916667 0.179688 0.166667
7 0.662760 0.736111 0.034896 0.096296
