8 0.766927 0.191667 0.036979 0.170370
8 0.185417 0.579167 0.013542 0.052778
0 0.220312 0.580093 0.011458 0.054630
8 0.650521 0.566667 0.010417 0.057407
0 0.690885 0.566204 0.010937 0.063889
9 0.785937 0.626389 0.009375 0.050926
0 0.855208 0.191204 0.031250 0.162037
5 0.118750 0.864352 0.236458 0.271296
5 0.526042 0.899074 0.232292 0.201852
5 0.843490 0.881944 0.258854 0.236111
6 0.502604 0.735185 0.104167 0.120370
5 0.747396 0.739352 0.134375 0.108333
5 0.956250 0.728704 0.087500 0.127778
5 0.909115 0.906944 0.181771 0.186111
