5 0.170833 0.859259 0.248958 0.281481
6 0.394792 0.752778 0.095833 0.196296
5 0.541406 0.785648 0.050521 0.076852
6 0.031510 0.653704 0.061979 0.598148
5 0.626823 0.781944 0.045312 0.078704
5 0.449740 0.737037 0.021354 0.033333
5 0.488802 0.737037 0.024479 0.027778
6 0.474740 0.713889 0.019271 0.050000
6 0.571094 0.710648 0.017188 0.043519
5 0.666406 0.733796 0.020313 0.028704
5 0.628125 0.729167 0.020833 0.023148
5 0.585938 0.761111 0.020833 0.053704
5 0.596354 0.774074 0.010417 0.075926
5 0.530208 0.745370 0.023958 0.025926
1 0.447396 0.646296 0.006250 0.029630
1 0.579427 0.639352 0.006771 0.026852
5 0.501563 0.728241 0.011458 0.025000
5 0.530990 0.737963 0.036979 0.033333
