1 0.684115 0.473611 0.020313 0.075000
8 0.651563 0.470833 0.018750 0.075000
1 0.466667 0.474537 0.018750 0.073148
8 0.439323 0.481019 0.020313 0.078704
5 0.150521 0.780093 0.078125 0.082407
5 0.645573 0.761574 0.042188 0.052778
4 0.906510 0.758796 0.027604 0.095370
4 0.800521 0.764352 0.015625 0.110185
4 0.774740 0.769444 0.013021 0.090741
6 0.652344 0.732407 0.049479 0.100000
6 0.682031 0.729630 0.028646 0.083333
5 0.582552 0.751389 0.022396 0.036111
5 0.540885 0.754167 0.027604 0.041667
5 0.621615 0.744444 0.014063 0.027778
