4 0.203906 0.856481 0.040104 0.231481
4 0.046615 0.863889 0.035937 0.205556
4 0.721615 0.831944 0.038021 0.269444
8 0.185417 0.579630 0.013542 0.055556
0 0.220052 0.580093 0.010937 0.056481
8 0.766146 0.192593 0.036458 0.164815
0 0.857031 0.190278 0.030729 0.167593
6 0.493750 0.693981 0.262500 0.184259
5 0.843750 0.885185 0.230208 0.229630
5 0.527865 0.892130 0.229687 0.215741
5 0.908333 0.912037 0.183333 0.175926
5 0.945052 0.744444 0.109896 0.118519
8 0.648958 0.568056 0.012500 0.054630
0 0.691667 0.567130 0.012500 0.056481
8 0.786719 0.626389 0.011979 0.060185
