8 0.789323 0.459259 0.034896 0.138889
1 0.892448 0.442130 0.031771 0.136111
6 0.628385 0.881019 0.117188 0.225000
4 0.927344 0.921759 0.023438 0.097222
7 0.870833 0.915741 0.022917 0.079630
5 0.705208 0.878704 0.030208 0.046296
1 0.026302 0.493056 0.030729 0.137963
6 0.517969 0.874074 0.090104 0.150000
6 0.308854 0.865741 0.160417 0.122222
6 0.418490 0.929167 0.125521 0.141667
5 0.339583 0.962963 0.130208 0.074074
5 0.195573 0.961111 0.153646 0.077778
5 0.735677 0.850926 0.018229 0.025926
5 0.104948 0.969444 0.049479 0.053704
