1 0.759115 0.405556 0.026562 0.124074
1 0.154688 0.404167 0.034375 0.121296
5 0.332031 0.838889 0.094271 0.111111
5 0.584896 0.799074 0.035417 0.040741
6 0.521615 0.787500 0.031771 0.054630
6 0.435677 0.781944 0.027604 0.052778
6 0.272135 0.755093 0.072396 0.123148
5 0.206771 0.780556 0.069792 0.046296
6 0.036198 0.753241 0.071354 0.136111
5 0.914844 0.823148 0.076563 0.100000
5 0.817448 0.812963 0.057813 0.044444
5 0.747396 0.793519 0.040625 0.016667
5 0.977083 0.825926 0.044792 0.131481
5 0.861979 0.803704 0.032292 0.046296
5 0.685417 0.789815 0.026042 0.022222
6 0.593490 0.752778 0.035937 0.046296
