9 0.518750 0.553241 0.013542 0.058333
9 0.269792 0.638889 0.009375 0.040741
0 0.286719 0.640278 0.007812 0.037963
0 0.552083 0.554167 0.014583 0.054630
0 0.509375 0.637037 0.007292 0.029630
3 0.483073 0.637963 0.005729 0.022222
5 0.300781 0.835648 0.130729 0.197222
5 0.204167 0.805556 0.082292 0.122222
6 0.510938 0.743981 0.084375 0.180556
5 0.656510 0.812963 0.079687 0.111111
5 0.615625 0.787500 0.052083 0.091667
5 0.365104 0.814352 0.055208 0.121296
7 0.715625 0.774537 0.019792 0.086111
7 0.739062 0.767593 0.020833 0.085185
4 0.751823 0.769444 0.016146 0.087037
4 0.764583 0.769907 0.016667 0.080556
4 0.785677 0.771296 0.014063 0.083333
