10 0.767708 0.190741 0.037500 0.177778
0 0.855469 0.194444 0.035937 0.174074
0 0.221354 0.584722 0.014583 0.056481
10 0.186458 0.581944 0.014583 0.054630
5 0.528385 0.899074 0.227604 0.201852
10 0.649740 0.571296 0.013021 0.062963
0 0.689583 0.565278 0.011458 0.056481
8 0.784635 0.626389 0.010937 0.062037
6 0.589323 0.685648 0.301563 0.206481
5 0.898958 0.729167 0.068750 0.102778
5 0.964844 0.735185 0.070312 0.112963
7 0.945312 0.832407 0.062500 0.153704
5 0.395313 0.761111 0.091667 0.094444
5 0.334115 0.774074 0.049479 0.053704
4 0.779687 0.757870 0.019792 0.045370
