9 0.243750 0.599074 0.016667 0.051852
0 0.273698 0.606019 0.014063 0.050926
9 0.698177 0.366204 0.022396 0.113889
9 0.640625 0.595833 0.011458 0.052778
0 0.674219 0.587963 0.011979 0.057407
8 0.755729 0.641667 0.014583 0.051852
0 0.759635 0.367593 0.022396 0.116667
5 0.339062 0.743519 0.069792 0.081481
5 0.382552 0.764352 0.053646 0.086111
5 0.420052 0.792593 0.079687 0.120370
5 0.539323 0.856019 0.124479 0.178704
5 0.870573 0.730556 0.132812 0.094444
7 0.490885 0.742130 0.032813 0.076852
7 0.466927 0.744907 0.023438 0.067593
7 0.449740 0.732870 0.014063 0.069444
7 0.821875 0.791204 0.045833 0.119444
7 0.936979 0.798148 0.022917 0.116667
4 0.987760 0.792593 0.023438 0.122222
